-0.300038
-0.478364
-0.43203
-0.378284
-0.272884
0.166475
-0.120149
0.217087
0.0334051
-0.304635
0.0877388
0.136738
-0.136233
0.460733
0.0196361
0.292023
0.427476
0.054571
-0.188526
0.0458095
-0.029814
-0.299067
-0.225535
-0.0505491
-0.134686
-0.59716
-0.428631
0.0970468
0.345211
0.41465
-0.559582
-0.132111
-0.766059
-0.316771
0.194498
-0.437199
0.180698
0.0679459
-0.872277
-0.440251
-0.396173
0.187953
-0.0943004
0.124357
-0.762238
-0.0519555
-0.0935284
0.276789
0.227499
0.343849
0.41689
0.201809
0.285549
0.273633
-0.460128
-0.297256
-0.571148
0.39648
0.469016
-0.124304
-0.0241373
-0.213406
-0.410541
0.46625
0.0187604
-0.168223
-0.000159678
0.262385
-0.257829
0.185209
0.0381261
0.128555
-0.20709
-0.0747601
-0.246266
-0.179617
-0.0882878
0.0269131
0.198053
0.120834
-0.067798
0.239477
0.0594446
0.072364
-0.0136559
0.521893
0.191079
-0.0105466
0.146782
0.0683256
0.0381836
-0.140618
0.135481
-0.101613
0.185301
-0.203163
0.000444369
-0.241007
-0.0369531
-0.0488418
0.261778
-0.0582169
-0.264008
0.185805
0.262089
0.168056
0.184684
0.161319
0.18071
-0.15611
-0.257175
0.203058
-0.0927047
-0.234859
0.0637627
-0.555724
-0.434463
0.363884
0.222285
0.0228194
0.0744175
-0.388402
-0.851324
-0.587839
-0.678403
0.233667
0.279377
0.277352
-0.0733415
-0.658203
-0.151623
-0.4879
-1.0842
-0.559091
-0.218051
-0.368661
-0.202929
0.182906
0.0910644
-0.140557
0.0129145
0.281609
0.00843409
0.132782
-0.116428
0.261062
-0.0535096
0.154703
0.00257384
0.346991
0.0391852
-0.580621
-0.480062
-0.179381
-0.188763
-0.798542
-0.294316
0.127918
-0.00613577
0.313822
-0.704074
-0.0173148
0.17662
0.222594
-0.00870254
-0.756051
0.146521
0.197948
0.0663841
0.00513207
-0.271603
0.000488876
0.054884
0.359235
-0.491725
-0.132836
0.081101
-0.0395651
0.342097
0.00983779
-0.0404402
-0.0680632
0.111219
0.120659
-0.0013735
-0.135219
-0.24813
0.00326161
0.260961
0.107542
-0.0954039
0.0351616
-0.239572
-0.0161985
0.26468
-0.143153
-0.141566
-0.0343193
0.190173
0.0847243
