-0.19235
-0.315979
-0.311182
-0.122444
0.115691
-0.0503841
-0.308123
-0.130669
-0.20737
-0.0802396
-0.222175
-0.182069
0.135486
-0.17187
-0.298543
-0.277548
0.0388811
-0.256919
-0.366986
-0.0279657
-0.261412
-0.0451408
-0.342388
-0.0686553
-0.495774
-0.220343
-0.125226
-0.0179401
-0.31144
0.0244243
-0.131863
-0.162856
-0.292739
-0.210917
-0.141349
0.0137183
-0.106096
-0.289789
-0.271281
-0.224516
-0.362748
-0.066928
-0.215581
0.00213856
-0.267154
0.148146
-0.354655
-0.0531282
-0.146311
-0.321363
-0.353428
-0.0369231
-0.275165
-0.15562
-0.0484437
-0.10616
-0.258923
0.184755
-0.15467
-0.164058
-0.301586
-0.141372
-0.181541
-0.318528
-0.046017
-0.253727
-0.331628
-0.145819
-0.229625
-0.165728
-0.305225
-0.288299
0.0431348
-0.323986
-0.33468
-0.230941
-0.297528
-0.114194
-0.216814
-0.348036
-0.0217209
-0.200449
-0.0426128
-0.118626
-0.349638
-0.142518
-0.309077
-0.202321
-0.101225
-0.054093
-0.362115
-0.368455
-0.388148
-0.30398
-0.345529
-0.051239
-0.229053
-0.220036
-0.261928
-0.173042
-0.270334
-0.150462
-0.0267321
-0.124145
-0.0073524
-0.106812
-0.130807
0.206207
-0.0506879
-0.38314
-0.112295
-0.138891
-0.0840314
-0.150366
-0.0583448
-0.335394
-0.31386
-0.177302
0.0506422
-0.0388337
-0.171377
-0.359589
-0.0159574
-0.187255
-0.120433
-0.099866
-0.24581
-0.24842
