122
132
142
152
162
172
182
192
202
212
162
172
182
192
202
212
222
232
242
252
202
212
222
232
242
252
262
272
282
292
242
252
262
272
282
292
302
312
322
332
282
292
302
312
322
332
342
352
362
372
322
332
342
352
362
372
382
392
402
412
362
372
382
392
402
412
422
432
442
452
402
412
422
432
442
452
462
472
482
492
442
452
462
472
482
492
502
512
522
532
482
492
502
512
522
532
542
552
562
572
250
276
302
328
354
380
406
432
458
484
330
356
382
408
434
460
486
512
538
564
410
436
462
488
514
540
566
592
618
644
490
516
542
568
594
620
646
672
698
724
570
596
622
648
674
700
726
752
778
804
650
676
702
728
754
780
806
832
858
884
730
756
782
808
834
860
886
912
938
964
810
836
862
888
914
940
966
992
1018
1044
890
916
942
968
994
1020
1046
1072
1098
1124
970
996
1022
1048
1074
1100
1126
1152
1178
1204
378
420
462
504
546
588
630
672
714
756
498
540
582
624
666
708
750
792
834
876
618
660
702
744
786
828
870
912
954
996
738
780
822
864
906
948
990
1032
1074
1116
858
900
942
984
1026
1068
1110
1152
1194
1236
978
1020
1062
1104
1146
1188
1230
1272
1314
1356
1098
1140
1182
1224
1266
1308
1350
1392
1434
1476
1218
1260
1302
1344
1386
1428
1470
1512
1554
1596
1338
1380
1422
1464
1506
1548
1590
1632
1674
1716
1458
1500
1542
1584
1626
1668
1710
1752
1794
1836
3754
3924
4094
4264
4434
4604
4774
4944
5114
5284
5034
5204
5374
5544
5714
5884
6054
6224
6394
6564
6314
6484
6654
6824
6994
7164
7334
7504
7674
7844
7594
7764
7934
8104
8274
8444
8614
8784
8954
9124
8874
9044
9214
9384
9554
9724
9894
10064
10234
10404
10154
10324
10494
10664
10834
11004
11174
11344
11514
11684
11434
11604
11774
11944
12114
12284
12454
12624
12794
12964
12714
12884
13054
13224
13394
13564
13734
13904
14074
14244
13994
14164
14334
14504
14674
14844
15014
15184
15354
15524
15274
15444
15614
15784
15954
16124
16294
16464
16634
16804
