65
127
-67
75
104
97
66
-32
122
127
-63
92
84
127
127
72
127
127
-23
87
127
127
127
62
36
-42
-106
-16
1
62
47
108
22
-76
-128
-128
-109
-64
-68
3
-57
-106
-128
-128
-128
-103
-118
-47
26
19
-128
-115
-128
-82
-71
-40
65
127
-67
75
104
97
66
-32
122
127
-63
92
84
127
127
72
127
127
-23
87
127
127
127
62
36
-42
-106
-16
1
62
47
108
22
-76
-128
-128
-109
-64
-68
3
-57
-106
-128
-128
-128
-103
-118
-47
26
19
-128
-115
-128
-82
-71
-40
65
127
-67
75
104
97
66
-32
122
127
-63
92
84
127
127
72
127
127
-23
87
127
127
127
62
36
-42
-106
-16
1
62
47
108
22
-76
-128
-128
-109
-64
-68
3
-57
-106
-128
-128
-128
-103
-118
-47
26
19
-128
-115
-128
-82
-71
-40
65
127
-67
75
104
97
66
-32
122
127
-63
92
84
127
127
72
127
127
-23
87
127
127
127
62
36
-42
-106
-16
1
62
47
108
22
-76
-128
-128
-109
-64
-68
3
-57
-106
-128
-128
-128
-103
-118
-47
26
19
-128
-115
-128
-82
-71
-40
